30
12 2
12 3
12 5
12 4
12 6
12 7
12 8
13 8
15 8
17 8
13 8
14 8
16 8
18 8
19 8
20 8
20 7
9 7
10 7
11 6
13 5
13 5
14 5
14 4
15 4
16 4
16 3
17 3
17 3
18 3
18 2
10 6
13 10
13 11
13 12
13 13
14 10
15 10
16 10
16 11
16 12
16 13
15 13
14 13
9 17
10 18
11 19
13 17
14 18
15 19
19 16
18 17
17 19
18 18
19 17
11 21
11 22
11 23
11 24
11 26
11 25
11 27
12 27
13 27
14 27
15 27
16 27
17 27
18 27
19 27
19 26
19 25
19 24
19 23
19 22
19 21
12 21
13 21
14 21
15 21
16 21
16 21
17 21
18 21
15 22
15 23
15 24
15 25
15 26
8 24
9 24
10 24
12 24
13 24
14 24
16 24
17 24
18 24